1323762467420348417
1412633219418185728
1439734594857693188
1454226636744835072
1339589965831757826
1236781754972848130
1439732898354114563
1323378390460780545
1338238955213516800
1352751219635343362
1294736125643431937
1280273620300775424
1207801548081946625
1441754447625981958
1352752112808177664
1193314100782280704
1222284569887547392
1323748379550052352
1236784502007123969
1242880640548306945
1410707664250851328
1367248136805085186
1071122200156139522
1093845890928951297
1425233295734882309
1222261834985693184
1454205976278614025
1193312295918530561
1222778462521430016
1067143495893291013
1468721576023662601
1338242658687279105
1309266366722183171
1353131178719633408
1338257479126364160
1381747946471981059
1082176814439677952
1222272507866243072
1439716362503479297
1075107770863706112
1381755818090053641
1439710894351597570
1193311167890051077
1412424359466123271
1383765770186891271
1425218558791929858
1425242712861601798
1412398118965059589
1309260031796404230
1323756892825423872
1483195364249378817
1468698508232466436
1323875128019738624
1353682844900581376
1323771185830764544
1222305919784181760
1336820384058970121
1236796381932781569
1441657518703321100
1381739163154841602
1241124886921297920
1265766633064325120
1325417018405740544
1068673837372366848
1265772547108270081
1441518455631474688
1207777143234744322
1338238149625929730
1383789152286625803
1367237314372644865
1410740874749775875
1076749393728962560
1441227397760651267
1236798043623751680
1294744278997049344
1379389466482196480
1222306431120150535
1325176772158230528
1468707335015129091
1236766281036115969
1427201375759446020
1294743356560605185
1337588546404818945
1324499351779958784
1294761833342017536
1193291728058486785
1483197088976494601
1058733337035112450
1265768731768217600
1443733674806161408
1193309935989379072
1207782729988952064
1236797844247285760
1396253553103040519
1427405081155080198
1294755095624785920
1207805309294563328
1468700674905022468
1251293345466519553
1251295763998670848
1309270849808146433
1396253848143081478
1071471975753764864
1251293122774040580
1116360536890007552
1425231855696203784
1338562408344903686
1396223560415334403
1111548477400588288
1439727734746398724
1368982687499788290
1425237426839097352
1325853223261966344
1222303201073909760
1367232820565991433
1410713182079885312
1426844695804710912
1251263552977088513
1251295025788575744
1425221357466423302
1354199357860569091
1468716673473544194
1309254515539890177
1189813784128311302
1454210564654252038
1294748268199579648
1436263343132606466
1236776810718740480
1427221671937658882
1367263438100041731
1427052163562414081
1335212565421568001
1369378910568321032
1381736387825827841
1352518452024668160
1353538953173995524
1236728394127155206
1340116681515880448
1340040843542081538
1323775783341563905
1439706395532746752
1323714968282296320
1052921695357624322
1255680188358242304
1445006369615237120
1351629835878113280
1338227042874253318
1439708883602321412
1468703814756749323
1280278410929954816
1309280296228081664
1336006930158989315
1468727287344340996
1324263198619541504
1367246600666423297
1323739228698791937
1427363303152627713
1444668032379465729
1427077377062969346
1454231235421745158
1454230147289083911
1410727453345996810
1443893800687087619
1353133294699900928
1222277379789291522
1207782702797250562
1057965541053394946
1483210482538672128
1444390026112995328
1396252144555147265
1468702810204250115
1412405427678154756
1468705472198889479
1222281560843595776
1369383094390829058
1265793370162524160
1280276930705551360
1425225824286949385
1439700180362801153
1347098185521635332
1338265495758319623
1193303549909905409
1207769096651247618
1251298223702061056
1368708281557016579
1444210200328773636
1353709636193382401
1454213794301763589
1483217944498819073
1383869206031060993
1394024028097191937
1396224944653152258
1317721946214326272
1381751397717319685
1454205561906597894
1323763719575392257
1338258155923369985
1236779138951917568
1351013492103503872
1396253995065352192
1426973530508435462
1294764255775010816
1396244048168562690
1483190592037343235
1309272509666201606
1123436945663594496
1338976968847593475
1441043464246816783
1066702799415664642
1193303116176859136
1338237252682518529
1441221006555860998
1383805991901286401
1483188801476481027
1426894420687867904
1353816193606541312
1323553856043671552
1338252665722085376
1454212923199479811
1454209927451447300
1369196685235122179
1323763308969811971
1193310503407366149
1294744168619814912
1443905608575373312
1412777793788821513
1483216322045612034
1454216281654239240
1193275832640430085
1381758435033776130
1265772135395454976
1207783472145846272
1226600483537784836
1468708780011503616
1280263218880004101
1193314213093158913
1193293436465696768
1334960243730763776
1369322943881351168
1441797733849858053
1454228536416473089
1383933000354697216
1437764299330662405
1324982825687396352
1323512152859250689
1193289928735678464
1369434413763805185
1352762025525604363
1426996336214351874
1379003171100631042
1426923034242342921
1193307937139236864
1251276580426416128
1398368166032592903
1207792547373953024
1352300516374667269
1073511217937948672
1323749292171882497
1352250077688037386
1222280301734432770
1322987542376030208
1309270091922657283
1280256135346487299
1265787548309377025
1483182516869738498
1439714355248050179
1280262392895569920
1323754205207695361
1381758109794795523
1410746110444924932
1193278476322844673
1065485080682995712
1312527984943747072
1410741640377999361
1323775270218846208
1468709651579641860
1396244799074746368
1439697078884634627
1364710416660783112
1265786210557009927
1309279192597565442
1323767420830519296
1222301658211921921
1265744249729015808
1441744355899936768
1070906278187171842
1336930100118433794
1193278032540262400
1448297907334045697
1412601177339043845
1426956620374978561
1280267279125622785
1222283151227179010
1336777469655982082
1396230776119775236
1365130413342003200
1425234253357502464
1265753250805907456
1294779065585610758
1468710699249463296
1367242883418513418
1338248083470159872
1398358812042612739
1381755990572421121
1418047951159631873
1367236200784887813
1352764461430566912
1284135274860036097
1324327723192348674
1262876195101659136
1396245590720319491
1383787677862928393
1336387826439626753
1236799669876822017
1439739745882370050
1396232988162146307
1468704479734284291
1323747873066987524
1240816942807535616
1338616371157098498
1322995141142028294
1425230398133506054
1444553621677527044
1426994325708226562
1207766515212324880
1323736163954401281
1468716248594665474
1193273636351668224
1207788069736370178
1383908839083233282
1425234742300094468
1350470455220711424
1436696495126888451
1441397740487864326
1280268484413239296
1294767926789025797
1251276481113870337
1321870256059670533
1483222111112294402
1236784386416111618
1439706526005006344
1381746491287556096
1294746817339351040
1338237515178754048
1265758225514680320
1383905868404559880
1338249090971340802
1468727359990042625
1353569670519898112
1207779959743373312
1352746875812798467
1443862563499003910
1236744865326735361
1381757454946426886
1309256295313297408
1193278171283636230
1236757572121747460
1468729299314384906
1352755632345141249
1236799412082442240
1207802132663095296
1368067183058812931
1280264857980489728
1236778707735531522
1251268920230674438
1350849643916230663
1444203625887244288
1425225452805885953
1396251250904076294
1396242709241901056
1280253946376990720
1280258908720902152
1207778888731881473
1222305000237543424
1323743319680290816
1454233317612474368
1222308156396752896
1294756954582265859
1236783909033123840
1280260255587467269
1427043173021360129
1468722421893152773
1236741448743055360
1410713583391023114
1444998233298776068
1294752963269931009
1207804649534824450
1336674417187958784
1265771123653750784
1338889911974440962
1441106266235949058
1368979786643562496
1322244634337333248
1251268651476344832
1396222655250980874
1468707808812150790
1207791959957331971
1483207587122188291
1381752332992487424
1454203503979626503
1323371205089439744
1392336193694670851
1454231238257123329
1325848509547999237
1468721121574985728
1337826539237494784
1294763748071297026
1236785688399556610
1426972696605249548
1412059331462320133
1294724502832721920
1468721838381764608
1251291441239928834
1396223201915645952
1398337626852139009
1454195735252148234
1410716073406521346
1381753323263508480
1425211610411438081
1265753181427884032
1426743979807215617
1352749050714447873
1294771856243908612
1337407552087334912
1222303117829640194
1309268682883956738
1439725992998699014
1236747285029171200
1383848624426082305
1483186701908512770
1323112852262178818
1444766191021699073
1336173364033929216
1265756774424088578
1383772251523207174
1410727609420247042
1294769061642076165
1309269625310507008
1164942482095915008
1381738452887166978
1074688651311882240
1445175893316587521
1340171690840616961
1336377505465442306
1193287173627424768
1443967539592273948
1072971617918205952
1369408801774960642
1280280703138066433
1236794923879464960
1483221015903756292
1439716737109352448
1251273641926504449
1445106255551414290
1454221515524820997
1207798839148568577
1444299530061729792
1349693740244471808
1441117854556774406
1352756680120033281
1338794884673773568
1367248043397898249
1367261161452957697
1338261890867232768
1265789906720260096
1325541840985092096
1441049520989671426
1352765789909082112
1441432029736878080
1193285029725642752
1280280588142948354
1294759789109686272
1294743164104867843
1425215417602265106
1222267735427747840
1280284898616659971
1367256702744031236
1280275752957751301
1425215514813423618
1381758576587313159
1441807138792247298
1454225427170484226
1352758628147728385
1444559737941487616
1468703393036263427
1381733676715675650
1280254717109641222
1251240918809743361
1381734285363834885
1468693362916175877
1367262756735307776
1236791770479984641
1410717191297814528
1441266142476132355
1412713218997424130
1323757594540974082
1234037140482338819
1251282476808298498
1061033523878883329
1398396769537568774
1396241212655423489
1265781651843366913
1396242445973794817
1425225495151587328
1325925720003055616
1422287075269910528
1049680952853704704
1354599665778438146
1441322750560198662
1323749166787383297
1193307722495725569
1068138766034972673
1396235563158618121
1294733123805224960
1383901170716975104
1339329179377143808
1236755967565598721
1468720293828915202
1193311958939906056
1367235688412803073
1309267456188387329
1222300614840999936
1381741033013186569
1412395418802167810
1251246155792596992
1323861624785117184
1427063964895154180
1309259683451019265
1265782412652486656
1207769583098236928
1367252519324422154
1193305596771983361
1444189989747642368
1294764593198379008
1415352404686655488
1483213856591732737
1425215996189675521
1067049490878787584
1410720958130769921
1123323937956306944
1352992552417435654
1441914377402159108
1483179990397206529
1352763831802605576
1265764837252104192
1309271662689480706
1443921115798196228
1309256445284683776
1454203160407445505
1412227673158569988
1369336755141349377
1265763485033607169
1410723569101799430
1251257632670789643
1338239388979875840
1338237769806594048
1381736474060685322
1396231072665391107
1441733838934138883
1425220834973519881
1113113073223655424
1444301217820254211
1309256304310063105
1338236853858787329
1143038143794335744
1236773267224084480
1222299474674049026
1412414287247724549
1383861570023804937
1427069279699050500
1439711239072980994
1367253906972053504
1439734168515194883
1323753490359963649
1193286309131038721
1439727428373565441
1309272310080327687
1454208966620221447
1439704587783524354
1425216005110915074
1483196557289836544
1236798291184156672
1265748247676547072
1441803466876219394
1441486925102080006
1410740108731424771
1352767633037389837
1280279181448876034
1251290795568590849
1454232315949813761
1408337099510718467
1398324463750373376
1367261020985511937
1468698534627188739
1147885630933864456
1265789198264610817
1439733263656837121
1236789509771198468
1381738670395379712
1367238919813799936
1193297445444296704
1207770409770389511
1294764364495495171
1383813814450229254
1352756185137434629
1425239438855081984
1412436360451997696
1251261150425120770
1444566449897414657
1367246452125179905
1383847894462074886
1294784100264443907
1468729605272084482
1064602964281737216
1207789479223791616
1396236948537282563
1367243436252786690
1352743892718931973
1100076222812483584
1412631277308727298
1351990119910289409
1193307990205575170
1309280869929148417
1352760159878180864
1207811969157337088
1425245388970340360
1236755212158693378
1193288417343393792
1439727648129765376
1383867326609588228
1222291651470688256
1369378204159467523
1222303578704007168
1367246132926029825
1056005416092606465
1481340377122680845
1383834084418359299
1323748365943803910
1294737259305074696
1059468022203760641
1222284681078607872
1236800287341301760
1294747802329849856
1367252859935416321
1047825305950474240
1251265673826836481
1427369944761700357
1309276865673256967
1218671987482136576
1425228031031922689
1309266823888736256
1352761869870764033
1468714348013043714
1236740557482921990
1324993011718221825
1062093947605082113
1396252652321837058
1396215121786019842
1425220416713359365
1236761392126066696
1412919361413828615
1207776836052234241
1309280525128028169
1396234668387622913
1381735587896561668
1425226188331565061
1381743834544082945
1207778888891297792
1352751819500343296
1336328769808658439
1454210597923348482
1483179354817536005
1353182799759601665
1483189005797765121
1367244910605213699
1383844911296831494
1193285260798316549
1441349789489106944
1383803202315841539
1412376711816105985
1236744545066344448
1265773124097900549
1427002073527341060
1408399216590819329
1265748172510552065
1427274436449816581
1354490569230323723
1381745332879523841
1222279613377703936
1367246051233599491
1408120100989906949
1410736498643591168
1339250925328769024
1367260651362672641
1412907478350589953
1352754217312772096
1207765509833461760
1315722930983239680
1251265669590548480
1222304070318333957
1367255115275591680
1468719769641758721
1158111479108972544
1454213707047882761
1205484127190953986
1325121306195492864
1193312543982444544
1280286529517019136
1454209468586242048
1352512565004226561
1309277243059900417
1410737914623913987
1483198384605433863
1309273911184379904
1322286157279932416
1265776759611502593
1193290701905240065
1251239668731035651
1236760971617722369
1323754349391159296
1338248709411381250
1425232776140410884
1265793791539085314
1058032564596809730
1381750790092689408
1441818857874804740
1383924850922717193
1427210686065688576
1168966320844677120
1322244717271224321
1193280838655467522
1454202801215533061
1322963809292595201
1412060918163324936
1088407969610559488
1251261861338714113
1412238532756721664
1338259918604947458
1251297275239776262
1274388805307547650
1441166138826690560
1439726594805882881
1065489331018641408
1059747359696056321
1207773339382689792
1222276458371932161
1468704164377247757
1398313544442015747
1439702135894122498
1448227602141962247
1410708456059834372
1408796446573346816
1176576320773513216
1352751478038011911
1280280478591967238
1383859687737597958
1381721261647089665
1193310650849611776
1410736943554437121
1265759346643869696
1191672620862840832
1280257891333812224
1425218064853913607
1336836528257921024
1410736305114292226
1383830811267387398
1251294713862164480
1396245505722753032
1426997897292361728
1207809105987088384
1369344063569358859
1368512378430709782
1222271534242250752
1251243432812691457
1412514297331261441
1309250840754962432
1367242339039600640
1352762642117623808
1323757186112212993
1427028851671056384
1393333662415048711
1207772440203595782
1251285599534886918
1337076567420375042
1251237644740296704
1309274626086715393
1323748583271763968
1454229308612960257
1441844276179111939
1352766593189601280
1193308535859245056
1351601672359972867
1483216155447812108
1367246419954835458
1280256206200684544
1309261229840576512
1425220310757003266
1367249407201148928
1367262265842552833
1294767640519426049
1324154707795914759
1193299981068881920
1323749382894821384
1194056282988273664
1443915721659064351
1309264359420461056
1483183902038667264
1396248268884135944
1077850701785677824
1251298449795870721
1222305382992941057
1338249045517754369
1193294704215035906
1222303198624604160
1265794058628198400
1412832091889414145
1364454760913399808
1381747496163098626
1340352626068774914
1383917729338445834
1425245058383683589
1460252925289238538
1483190391298203650
1410745796811624454
1325863193923686400
1193287800277344258
1338253500170579969
1206217202128560129
1441850488425574403
1468705109127356424
1309280455217352711
1338262361937993729
1383825094955261957
1441466659450019843
1323745702766211072
1410741534916419590
1338243449384914944
1323763140073607168
1383797121342607366
1193287242283978754
1368811281164173318
1441478825464958978
1251273496937877505
1412672545762025472
1257324159652290560
1396250213300400129
1425231662225444874
1354816261721473030
1309275471260024832
1323767044622331905
1294780386707419136
1294740698302996480
1381747048723062788
1468729652998987778
1426688053662334986
1410744169794990080
1280261555142168577
1294785146466467841
1396238583845986305
1383803028638105601
1410745179544248321
1398317799492235270
1280288770730885120
1204860420856668163
1426941057187684355
1193302165030346765
1483224458919882753
1294756250245165057
1354128502291898370
1324397665132556289
1425207697864015873
1321919769621258240
1193281493889454080
1383772693904773129
1236784601470849026
1396247125923491842
1441410315191783426
1367238131876044804
1441414775053987840
1425241650490662921
1207796523981066240
1352748352379654144
1059096714664124416
1251289963985014785
1189720446574444545
1393678104862904324
1483193020212076548
1396238175153098752
1265789073018499074
1427267239648976903
1212075516674617344
1323307544316649473
1294734822557057026
1381736950164566017
1383857866268844036
1396225687451836417
1323759850946469890
1369263020963201026
1441100376166387716
1354125409500192768
1381756996286705665
1222293224313802752
1410736657523822596
1337383355248209920
1383818728991719429
1445038986544680964
1236785526767845382
1265745321432408065
1280270873396576256
1381749122881871872
1352743055116259328
1410745533568720897
1483211362394333194
1381751538054537218
1352763703192657921
1193305722156507137
1280290205526827010
1338249841223331841
1352749835145900032
1368286803099348992
1468711311743803392
1323772194153902081
1396229443551522817
1338121311793496066
1449637379153743877
1280279761575645184
1324111753865793539
1381728929485053952
1207802716921032705
1294784641858232320
1396235000887091208
1427359837340459010
1354139974640095232
1218195868198809605
1483197877832896514
1061064069602516992
1309266664026968065
1193316085774344192
1468709537423233027
1444723745990578176
1058806747501072385
1425235880608997379
1236754069131329537
1222283997436354560
1352755920409911297
1441709157191540742
1236751799832530945
1236740867794313216
1412583162258112515
1352766688043929605
1439696146998468611
1324337566586445827
1193294466679001090
1251257790905155585
1427270902606180360
1463827360273293312
1070734948024373248
1381749644389187584
1410725007395721222
1412061061910470659
1083700063682076673
1222262073415077889
1468709956119580673
1425220487525797889
1483193014281555969
1056774272721534976
1323760337527648279
1468723361261961219
1454217124663156736
1468705023752212480
1410709649972772867
1207776029424656384
1410745044336734208
1280268699845476352
1269246562795913224
1338587799705030660
1398330599526617090
1053016273448329217
1236788620893265920
1193302729289916416
1425241810943758338
1381734464921866240
1251267075802370053
1412432233227558914
1251255108756799489
1338239259120201731
1352755821407580160
1468704441591382028
1309258172679495681
1439696684074868738
1425244498146123776
1294729644323803138
1052903448729899008
1099659517602811907
1468702002255384582
1052102215249231872
1338270529770274817
1309263724956573697
1426844862712852482
1439728591084736514
1454207420889288707
1367239530907066370
1294736898833944580
1439702121721569283
1368648907153043456
1410727306297888771
1236798265758277632
1294771781996359686
1207774948833595392
1323765628206010370
1339707219739336705
1454200814512349190
1412372939765288966
1146189566581399553
1324980316419874818
1054311827729981441
1340275697949040640
1251273785778606090
1222304015188480000
1280288443378151425
1309280118066438144
1323770485004406784
1323628335910559750
1444690457112494081
1367258314443137026
1468698185132609553
1383772497842098182
1207798074648739841
1354506301804605440
1251251120783134723
1444921648658984964
1369017860572409858
1323767225136852994
1441199632844050435
1381754491884732418
1425235511921233920
1302574917406392321
1410747967112290306
1412852083498405888
1381738671276179462
1322925940280905729
1410735935113682948
1352759561917059073
1444670287757422601
1222294594735525888
1265781770768863237
1323746273111977984
1412470148057939975
1280271285277331457
1454220527841603585
1123604609824624640
1056638880189988864
1338268951789379584
1463994069902897155
1294737634766598146
1426990818682888201
1251252279157633026
1468716600073326592
1352764046081028096
1352675892171055104
1398386450362683392
1207782620630671360
1337891080809967618
1352453674853928965
1057639259388235776
1294739367177539584
1369351628353114119
1381752292735660033
1425215384727302144
1454212045830774784
1410738454489571343
1478492274338193408
1367245884795219970
1444679496725061643
1410735752036552704
1367240871846977538
1441777613148770310
1168500027595132929
1193273555573788672
1323744260131229698
1338254326108725255
1381749768712548352
1339294517179146240
1410723927500808195
1323735580711243776
1439695794370531328
1354305908822700032
1483199986309509129
1354570131372961792
1160211170537672713
1483192817539158017
1280281295818575874
1294747624940228608
1383813444231581698
1047457901659545601
1383839674674806785
1323762279222050821
1426885412065320960
1454229155134980098
1454211712341749766
1323753533330640904
1396223362435797008
1286509967676248064
1251250398637236226
1460264314762186753
1381751446085980161
1381757839589400576
1383845181519110146
1351901076639911942
1412452450150330368
1294739839879913473
1468717790538665984
1222304839461490689
1398349630606393347
1069971822291116032
1425230224220770309
1483216556767297543
1443855706847854593
1222307646876811264
1350972109313478660
1412730954494332930
1047147665102921728
1441428352322220033
1439717728198168577
1249499436692185090
1338917141987250176
1337991074204225539
1439693779762663425
1454204035561623555
1207794918913191936
1060812662467104769
1280279107767619586
1323761879056064514
1338240690623483904
1439736999875792897
1309277743813664770
1383866804322193409
1396239633982361606
1353042322955628545
1338255790533033985
1294772448450289664
1412103177759985664
1410709763537530881
1383909530656907273
1338239014403334145
1340403019368808448
1427182401814470656
1468702661734195209
1483199046718263305
1369173530483560448
1323767392556748800
1222291715895308288
1352767497414574082
1468708617624989701
1336366935873884166
1354577378488549377
1468724798578642948
1207777982871429120
1367260046623531009
1207778884906881025
1302257966234689537
1309259023510728704
1352766080075190272
1354507371318554625
1338254498813370369
1468699581043118082
1425231887191117826
1265790130935087106
1454231042689159168
1483216626954633217
1381747715630116865
1050092990956560384
1367244601128488961
1222270714838994944
1415981565826510851
1294754071631429632
1439694926640517128
1223674939389173765
1058788694432325632
1336791313912512518
1368803538193833989
1236788205208383490
1222305349572521986
1265791394649722880
1441415058219745281
1338240442614341633
1441105500716736513
1483197571761852419
1412146449001762816
1426983868633174017
1354869595916537856
1207781775382138882
1236797597605679105
1309251294964723717
1368591327844327429
1396250371677376513
1277464497934995469
1369437543842844677
1280289760976740355
1236763627534913539
1324696193428017152
1412912954501210112
1269058790340669445
1411962512099221507
1337516699445321730
1449314957359681541
1410731035495522307
1350248773222625286
1368089298629722113
1398338480640610306
1441439777325191173
1425243314727567363
1412841212017451009
1352746582077222917
1444361522289864706
1383827027971624965
1454199521706233857
1207806762629373952
1265782173262643200
1193282636371898368
1323762096719466500
1398308719990018049
1323413616016740352
1441352045139615749
1439707582415912960
1454232332060200965
1383923574386298892
1368661884895957000
1338227034204610565
1441118449489432586
1326148199401349121
1222294933387657216
1367243386969808900
1439703115767422983
1071632015013797889
1483187755068837893
1336268397340921857
1350436134250287106
1294739365701120000
1410699754682601472
1369411322090295307
1338653081936883712
1323752047578173441
1222289939360026631
1381756219656785922
1412566020871671814
1323117781538074625
1350985015715385347
1251271665578840069
1294759434145665026
1309279391952916487
1352751197254541312
1309274744815054848
1454227138094280714
1309280834852139009
1323751824197898241
1265758747172974594
1325884827124588550
1367246364933976064
1265768856955482113
1441170533211467777
1353843732064428033
1336838297595863041
1445003643544027141
1280285623224598529
1381757627881959431
1444597097324503043
1051877878676279297
1383762258501664771
1069803334389952512
1323765793197207554
1309281237488500737
1381749247012347906
1324077069932908545
1222307703877525504
1443863484601495558
1207809827243728896
1383809617793191947
1427211244789014530
1251249314267004930
1483198848269172737
1437133027281354753
1294770349893017600
1338253014075756544
1444193727652581380
1265770088356929537
1381757796320829444
1322897304140107777
1251254628521476099
1483213555201572868
1369146781045579781
1454219871621877767
1222283015113584640
1383816134298783751
1427363649233031171
1425239003591319560
1368568121368395777
1443947372745273347
1059093153012158464
1396254258706669569
1058855560135798784
1236743735242874880
1286902971113119744
1338241461972766722
1441890600215670786
1265759747933757441
1444950322858889216
1207808580432347137
1323750754218364934
1068594840064204801
1207810354367148033
1441139257276387336
1441435379681406979
1441746894636552193
1309276235223240706
1294746684107366400
1338244348882743296
1426895106829918222
1410715947539775490
1383814818419789828
1280256914794917893
1381739732732944388
1323741759260811265
1101920045033275392
1378099990938193922
1398305186636984321
1454220162559840256
1427294885560782851
1251273647853101057
1306479198014525445
1352745749096898561
1323751121035223040
1309277154216083456
1294774828252176384
1207801158288302080
1427074172119785473
1427391194284400648
1325535044455313409
1324590059241222144
1054053252960907264
1412502470992056328
1323743004583186433
1251268144645181444
1444863291671650306
1294783893166596096
1309268425059921920
1323767843410735105
1309270251109060608
1444137118847090691
1426956523939508225
1072925320351805441
1483185206614183936
1222295835381260294
1426991993570299909
1336412889851305998
1060579371159900161
1339863196568408065
1368244659936358401
1410721931016347657
1309247867064909824
1483222978758422528
1251265085005344769
1236763718043742212
1309263390288744449
1396226359211462658
1265755859361116162
1062142170696564736
1412444745796931594
1468700440422457356
1354032907061493760
1324093358411718656
1381738816034246659
1193290822940315650
1222263903985524736
1383853370453024771
1383796818102738945
1309265187317460998
1265754990854975489
1468712990425894919
1412527472449630209
1381744037812695041
1265768473839493128
1294755681774559234
1251261699103039489
1444389930164129795
1236736102045822976
1352761727079784448
1280271826925563910
1338270258268868609
1336543599329243136
1222284986394562560
1187598795141464065
1478479068010004480
1445078087520108550
1367250037865078793
1325456700611190790
1324987332857114624
1146842760558891008
1193277935488262145
1251258037840556035
1410730112593502213
1338235847108403202
1367255551437012998
1444635675043803139
1412475189707907081
1412800557916594178
1294755106471251969
1153386026242584576
1298649969780563969
1280264020520566784
1367245100791697409
1454214408054378499
1222302887788863488
1396223091320176643
1265784412983242752
1207795671031414784
1265782718173937675
1396235503322734592
1324783491893104640
1425229277620998148
1439689543335165958
1207762283666915328
1236801891620786177
1381752709804515328
1284919167590621185
1427057428793856000
1443866810638471175
1443852268378361857
1222278743693176832
1425225066858565633
1410734424283516937
1483194620377022466
1412124326988484615
1054355403822092288
1483206795313168389
1338247889907281920
1396241248864903180
1425218631391137792
1439713299038228480
1222277176625680384
1352756121006727168
1481183951305719808
1352748575533330432
1236785794603307008
1353396217338855424
1294748858669576193
1368818455751897093
1188092221347766275
1207790526088372225
1367261732167680007
1439731365272973316
1251256185329782784
1265773307670024192
1280262749541396480
1323762899916005378
1410743856207831040
1324590159824826370
1323775968545329152
1454193420784652289
1207808098179653634
1439713990842724356
1412057802374139914
1352760449406820353
1369147850710528000
1193275595934904320
1381748971190812675
1350555885127553032
1367245325312782341
1222269226490089473
1280288471870050304
1222254594538995714
1396223058940252162
1265791716964982784
1222295591910141952
1338511358678200322
1089605170420477952
1222290456752594945
1236767418061553669
1369277221341458434
1367243854051643392
1324425755951026176
1427294131987128326
1367243849718927363
1265763465374859266
1294735661392629760
1339669986944675854
1251245330827534343
1441652302495068160
1441818532551876612
1439717215008268292
1352757649163489280
1354873080145997830
1396249319825682433
1207785699975368704
1338254283565838338
1337035489195552771
1294779704717774849
1236783282521395200
1280255781850546179
1425222958658752513
1468704048673140740
1338236555455045632
1161010775491637248
1325219019327221761
1207754732481200130
1441614303560441858
1483166252575174667
1396251826979225606
1369354825910136832
1410740005866065927
1444032383439757313
1468703890707255298
1439714673335717888
1410748061987459073
1398376028804837377
1207793401040642055
1070887139259412481
1383836343067758597
1410743053929746436
1425227674012700676
1207801791577853953
1294740170583965696
1338268038810857472
1323276006531227648
1280270299087245312
1412894458815959042
1123406416985743360
1207804062290321411
1367236524425814022
1114167288104718337
1236772121960824832
1427372924390936593
1396241658065391617
1236777399372652552
1425242485853364224
1383763373473484801
1075010740409511936
1454211470837927939
1236773785497468930
1265749621839544321
1396227483884683266
1207787210851749888
1352036602105589761
1426997272634667011
1444299166822412288
1339360934943453187
1324215047124561922
1383803865821179910
1439738867557482500
1383886487675043843
1294745001038090245
1323752881531637761
1243965506983428096
1425227483498962945
1294745891245613057
1338247100555997186
1361685069300174850
1412411064403345408
1207791874947342337
1483220114623406081
1222274718142816264
1368937505735798789
1294780453648465921
1280276836652638216
1367240712849391616
1338267205398536193
1368704632797749251
1367245401204555780
1193302598889213952
1280278444828393472
1265759025708204033
1350194169667612676
1222289197718859777
1309273142213435393
1383919604796252163
1324510117438640134
1222286523040784385
1280281565998637056
1336322013208616964
1309276434012295172
1323763376518955008
1445004221322088454
1323762127807549446
1439706961759584257
1236787672934502405
1367263259099807745
1425244337273819136
1377997465673203713
1352751166078128128
1454209428580831232
1396219385174446080
1338233678623752192
1323016647754526721
1339787763932147712
1323776097285230599
1383821853928525830
1410715819047333891
1381730484938489857
1454235385299550208
1222291520406974464
1427267816957349892
1222281592015638528
1193306061027057666
1324955862897733637
1323747274099482627
1352760716940349440
1320296385812615168
1236744335988862978
